TILEMAP
90 9 								-- Size of tile map in tiles
32 64 128 							-- Tile size & block size
images/TilesheetBase.png 					-- Tilesheet
levels/level01columns.txt					-- Columns file
levels/level01traps.txt						-- Traps file
10 5 								-- Number of tiles in tilesheet
27,40,40,40,40,34,30,31,32,30,34,40,15,0,8,0,0,4,0,6,4,0,6,0,3,0,4,0,1,8,28,40,40,40,30,30,30,32,30,34,34,32,30,31,32,31,30,32,30,34,34,31,30,31,30,35,39,41,30,35,40,40,40,30,32,30,32,30,17,1,-1,-1,-1,-1,-1,-1,-1,-1,-1,-1,-1,-1,-1,-1,-1,-1,-1,-1,-1,-1
,36,40,41,40,40,17,0,4,0,0,20,30,34,40,10,1,8,3,7,9,3,7,9,27,41,40,34,31,32,34,34,31,31,30,34,30,30,11,9,2,1,8,3,7,9,2,1,0,4,0,0,7,8,5,0,22,36,40,13,20,31,31,30,34,40,15,8,5,0,8,-1,-1,-1,-1,-1,-1,-1,-1,-1,-1,-1,-1,-1,-1,-1,-1,-1,-1,-1,-1
,36,40,41,40,40,15,0,0,8,0,2,1,20,30,34,33,31,32,30,30,34,31,32,34,30,30,10,8,0,0,1,20,34,30,34,30,30,10,2,0,0,0,0,0,2,0,7,0,0,8,6,20,31,30,32,30,34,30,12,7,0,0,4,20,30,34,30,32,30,10,-1,-1,-1,-1,-1,-1,-1,-1,-1,-1,-1,-1,-1,-1,-1,-1,-1,-1,-1,-1
,36,40,41,40,40,34,30,30,30,32,30,30,30,30,41,40,32,34,30,35,40,41,40,40,40,40,40,40,41,40,40,40,30,32,34,30,30,34,31,35,41,40,40,40,40,41,30,32,30,35,31,32,30,40,34,30,32,31,30,34,41,40,10,8,4,27,41,40,10,2,0,1,8,4,0,6,5,0,2,25,37,40,40,40,40,40,40,40,40,40
,34,40,41,40,40,34,31,31,30,34,34,30,30,20,41,40,10,4,0,21,31,32,31,30,30,30,30,30,32,32,31,30,34,30,36,41,40,10,6,20,31,31,30,38,41,30,34,30,30,12,0,8,20,40,16,0,0,4,0,25,31,30,34,31,30,34,30,30,34,30,34,32,30,31,32,31,30,32,30,34,34,32,31,30,30,31,30,32,30,30
,20,30,30,30,30,36,40,10,0,0,8,3,7,24,30,40,10,4,0,0,0,0,0,0,23,40,10,7,0,0,3,0,21,30,34,30,30,34,30,15,0,4,20,41,40,12,7,9,2,1,0,3,20,33,33,18,8,3,7,9,0,4,0,6,0,3,0,4,0,1,4,0,6,0,3,0,4,0,1,8,4,0,1,9,3,7,9,2,1,0
,20,41,40,30,32,34,30,34,40,10,0,8,0,0,28,40,14,0,3,0,0,8,4,0,26,40,18,2,4,0,8,0,20,30,34,30,39,41,40,13,2,4,20,41,40,15,0,5,0,8,-1,-1,-1,-1,-1,-1,-1,-1,-1,-1,-1,-1,-1,-1,-1,-1,-1,-1,-1,-1,-1,-1,-1,-1,-1,-1,-1,-1,-1,-1,-1,-1,-1,-1,-1,-1,-1,-1,-1,-1
,20,41,40,13,0,6,0,21,30,34,34,30,31,31,34,33,34,31,30,34,34,31,32,34,41,40,40,10,0,4,0,6,0,3,0,20,34,41,40,10,0,0,28,41,40,40,12,0,4,0,-1,-1,-1,-1,-1,-1,-1,-1,-1,-1,-1,-1,-1,-1,-1,-1,-1,-1,-1,-1,-1,-1,-1,-1,-1,-1,-1,-1,-1,-1,-1,-1,-1,-1,-1,-1,-1,-1,-1,-1
,20,33,33,12,3,3,3,1,0,4,4,0,0,0,0,0,2,0,7,0,0,6,0,21,32,30,30,18,8,3,7,9,2,1,0,4,20,33,33,34,34,30,34,30,30,30,13,0,4,0,-1,-1,-1,-1,-1,-1,-1,-1,-1,-1,-1,-1,-1,-1,-1,-1,-1,-1,-1,-1,-1,-1,-1,-1,-1,-1,-1,-1,-1,-1,-1,-1,-1,-1,-1,-1,-1,-1,-1,-1